-7103804474741615656 -2041672058762489658 5458871935426241036 8569881397833579580 -1718799505481495614 1230630605291728425 5396306749939775375 8227990372974896436 -7096015693416261233 -4079052099929863337 1613408434132533332 3022592203632496121 7588461686343580955 -7020116715183267013 -5367396589252076736 -7965030844499832686 
3525181859776125683 -5583829733159942507 -1717652457432374484 -595991603082320361 -3361103073294737701 -5549015783032716680 1897187946090789220 -4391238982828264136 100513379682627146 5207178887722587852 -1828682232662482903 2409641047255986356 6547580633391966953 2891851957345205453 5036434788551238960 7632043921781065187 
6199330551271195928 -2730106219777131126 -7629323748966392798 8179426649194634029 -7893642145069621655 -3227878876981667737 -648864136148522726 2627622525877100177 2367834185747938339 4914001209502464411 1651705388969057066 5386489913179087903 -6781411018009228864 -5792486486330326861 8025588316511114966 9020783983256097918 
-740190739538842769 2213325000308741901 2003410487739273367 -677587815225103513 -1657151008573890413 -7554730987352418722 -1549409748859529383 1931689367204922919 -4361535145059011006 4986198497342668589 230382887444246269 4863752297718563361 -2496731829114680890 -6297278403707633835 -8986603865746605352 -6836495729514730678 
7518259818699725600 -818788746277992313 -4911699067061012430 -4290259025023305044 7612868176251580288 -4778601368442210618 5903326610438244552 -5512616625530657565 8839143187350897614 111665085667985129 6767184688835808587 4806940619219646627 5041886136737107749 -7968595791131140836 -3844496194377691169 -3894288328857776848 
-2387793842054933166 -1808561673694864545 -6790674796635504995 3639282068620919012 122670403492251993 8639045197958842373 -6446154667294378479 -3893773409659975764 259058626152841200 -5841499503732521929 -7130671116852503620 4330315268284107147 -5167672003573272061 -4005096080475385233 -2350138613866362733 -7795877302067097322 
-2500373810143949010 -657387363459175171 8031920449676985214 3012713346961754615 -6218896979454615482 6560313758885719173 -8684287037363090470 -745120596951707797 -437577786329482800 -8174101281328316801 -4034938701708397576 -3725689882043790652 3438478852529323656 -5009276405388858442 -8753671020948485221 -5388458677484002841 
5040945904684593628 8424100561767902922 7756232682985593470 -6493012107389454898 -3965829321333646737 -1481327244451800402 -8903165713996830004 -6840227790299713273 6606656738100966550 3625692322132103466 2782585307880186790 7936650473434392115 3650302005299246302 -1561997751369234086 -8405380502690712671 -2692912459763597688 
8486477055043164804 -3318567748057029075 -3371268848612095163 -4722541551061256112 -3876089478974533125 4634467022309645543 2982420647809476495 -3910529485234932376 6777716411601250154 -369052749258757217 5839274891013385327 8713094857704692162 -5799389945012467413 5829140476835733442 1994182925765070667 7702821602768583139 
-1034538164086285746 -1572117043846321010 -4625369091864800901 -5030711957373150875 6994949677342315796 4661754582504984984 -3802134621209425206 -1642319016826799754 1385443693661797748 5682420996186575174 2356870080677463035 7465821925160548184 -3832748220783664231 -7582076208542795946 2662892248738537794 -5417304706408973601 
2646840793868908129 5237466294245977941 5561471896672967879 -6165528644911680266 51420380584404448 -482952324192064727 -7670684581639204569 -8709032810931245542 7002103116294739419 788118851083737480 166259030818755570 -1645302922694744867 2177574864457490510 -6445507817480295298 3641391190595592238 404875157618867300 
-5778836649592985625 -2015895040401379349 4010714786222706898 1157142218384767722 242021875450296968 -8400854638691225597 6430661971497708364 -849173252150912965 -3926024083278969912 -6125798308342272052 2931730576496785916 4162463855072910393 -1680998962700710029 1742622797250211747 5535779265256306359 2915696148936346971 
-3925081902374020090 -3176857645394525256 -5072530402397649595 657283348344237865 208463675553676596 3803894074483014285 -7185725300610826782 -5893706727076572991 -9056427552377221533 -6037287777564011654 2364813425598171073 4976303154881309525 -5807890638859635409 -762653004213238484 6449214487731782532 -3532780602018475861 
3445773594256684007 9211358626066469922 -155479319024548410 -8670069299042244196 -2131432620926530549 -1116704331018798801 7663036456859869585 -1371659525670402923 6911185004871774420 -6320043938866276357 5097818107708031720 1256805377312371737 -3457376677784368724 6279065280452183426 8985573810376677695 7113861151106202940 
3036518556897690801 -4130672379598545261 -5395979919763598851 1262780100338701865 636702495795738935 3520240088580484690 7391240106550059777 -2852165191293832034 1133105817377004099 -6234346116182547274 -7240010791835622118 -843201405811741589 -8964093867411048176 6613579650998017292 -344945065077621106 -4628767445644206601 
2077353181330511758 -6963304660574112654 5514406138133978516 -8578152272904866629 5504928221470395102 3620376982220648541 -7046005685763685670 -1758197910656092732 2600578854194736599 4019260280021562643 8947080714932853759 1100381072178617909 -3262431661555276924 -670911758688875470 2138812058164702746 6348699768197484995 
