-3782676435683004785 10
-5591016204724644384 9
6524257438324601236 10
4654911122362225913 6
-6130923159858913189 11
-207431986415081956 9
8847623477382316991 12
7180452281337018230 9
-2049557921443982343 8
-3564402452754254983 9
5265932337825691621 6
322456039156554183 7
6325563362279620952 10
-7841444192202520920 8
4039074433145576954 6
8138649602377006966 11
-7677987866447278756 8
-6838820750732785772 11
3321976458713373814 8
-224624853031131366 10
4426012076325227348 5
-7577930827063687427 11
-8644241819505020864 7
5725691001197231761 8
-2750679745573634828 9
-8882698202914423369 9
8904765960413251783 10
-6977253782260220057 12
5551288048993386580 9
6797711484072024356 9
1596497106329618539 12
8575356319504396290 13
-417284800605064690 11
3923624520389278799 7
-212305736342208022 12
5111894632398582487 6
-9113962580553084068 11
-7864042781172730431 12
3995564728889375074 10
9074288256616003975 8
-235044392966161852 11
1439276612782023559 7
-701668130845750272 8
-788303741890890259 7
2732853380435065406 11
-1684452501802534211 6
-614817898612047166 11
4611205780617387859 7
-5711862353123717229 11
-5879501396862895826 11
-4628775718800434867 4
-5465434864255410513 11
-2440913787706119196 7
5258179577156535213 9
2534058488497120647 7
2448589014138935149 9
7050384861937596262 8
-9011014333058102192 9
7337075427266487828 10
2186378067292602417 7
-2116951700124228903 10
3765725403884782507 10
-4489992229539838724 7
4361888380105867359 9
5372002846000939633 12
8861094513325930261 13
-1291904634419496797 9
9211932575038847645 10
825016140645575943 8
-3306004608989793357 5
5969137776928143482 8
5479210571479518919 4
-4359145764377251574 10
-1348004772650269810 12
-5135719648655070766 9
-6585149647694658242 11
5277349306718240296 10
8248657335372513321 8
5114854435457072255 13
-6912572189230687157 9
2015740866963766274 9
3916780388640306562 11
-4698046174155134218 11
948161533807006277 3
-255589998232561202 12
4895518380271311950 10
-7735918789432767938 14
-3288699581460690515 9
4560498518852181064 11
-3872625972887217271 11
2155098279601863877 9
4895219719941540853 8
7257534899712982974 11
-6003112537068923396 7
49682427463676215 9
-9093938545559306081 16
6817597186485509319 8
-3455688291129059846 8
-4092759489517927668 11
-1459676076286354746 5
9076641743683906725 6
2465888852256595388 7
4387679259417193217 9
-8519673168852008319 3
7450307130509661481 11
-4393223460152709599 6
-3968317257538836029 11
-2744468393641507898 14
6738053589769149222 8
6810249550877367738 6
2008196305490285871 12
7672411493295830654 7
-9189700770141778648 11
7786984449922308367 7
7159814892848010802 12
-7689721895336453102 12
1874419146714568009 8
7881183628382644704 12
-7159006267868135725 9
-4108147296543763824 9
5533928200532616902 11
5913443680759566459 9
-1679942323020739092 9
1289669939187788262 13
-9211388000564948874 8
-867948071373464232 3
3013514434269178799 12
1839816170367732088 5
-2316639225424699942 8
1970814634986978194 11
8010329888449374268 9
6877024056715086571 8
2663048564682829006 9
6516712410998640848 5
-1275879933537460237 9
4057508793494754952 12
-1159972099081293372 8
-3911757006751088197 7
6873241018636365085 13
-2242442913508890467 11
7223324440578043960 12
6442687664084086497 13
5702491389714705780 9
-1537853906395039483 10
-7985739977575869351 8
2672843841596496762 6
-324913037565623682 9
-3224124952007754375 8
-5400695009720516163 8
-7180009700755019621 12
8697281592168951467 5
-7632977671068649213 9
2514620696927883404 7
-3061333476916018972 9
8035183348090923604 7
-1196490386946511709 8
7215548252004726751 10
-4792624592353415262 8
6728169904746173974 8
-2266588848594923732 9
4002033415202766522 7
-3668775114129577578 12
-3016850627923159241 11
2511470484809774156 15
-3185918871681638613 10
813509968000939559 11
3006489560812941122 11
-4163790747171466725 13
5598648336869963188 6
-5824062113559936115 11
-460616650340973241 9
-5293206506466562843 11
2137789784943179703 9
-9070845909708375630 8
-8524237732549916544 13
2082228332798936920 8
-5746466274097330158 14
-7318213415612978281 12
-4053923015966455069 11
-668717886768755839 9
-789933370418722682 10
6944491904816547678 9
-2796068772929199301 12
-4465806744034697830 11
-2532439436940793049 9
6315255075599247878 12
8807649761517418502 4
-4035765748304470577 12
386417804494746540 5
-8283428170119485275 7
-6187130161571097986 7
2937351022581146028 11
-4961228899938156637 7
9105816245667167443 9
6954376358508644974 7
-5388913596623930184 11
7270852267653949307 7
6087129518299079082 8
-7961933935188151070 14
4296041634167142792 12
-258694826456729551 8
-255359446106597703 14
6407439590260354155 9
6781544748081083705 11
6081799493008700945 10
-8622191079411860131 11
562603896176027563 7
3948367822965073609 15
-2941404285380566098 8
4699095809559028792 12
-8720000624285135123 10
-2602102200851949370 8
285420582367716078 9
-7880855511739700322 9
7716040625153678790 10
-7126042426763027627 13
2244501522746889783 7
3438647473722052838 8
-3703553244267827250 8
3222389582126126714 8
-36765316876868561 10
-4525682475588635471 8
-1230615423381235954 4
-1861603937916400337 11
5981557189090332896 9
-2141969593315953430 8
-8006320385957258766 10
-8960656011146246589 5
8229761584374358634 8
-6335519915106708323 9
-5755581869693521976 7
6983149575509960435 7
-894385337854292975 11
2226720040360739108 11
-3835228968344579335 9
-7173725858296736717 11
4793110264158323873 8
6654138480288805404 10
-1316173044477990665 10
2743095096016151904 12
-3687534416556139463 8
3384451211292598281 11
275609730128311427 5
8462569425072133575 11
-8490568415201943638 11
5877239608126434211 10
-8778296698051729819 7
6918280384935045514 13
-1022902279334440934 12
1241379547795723938 13
-4999391440910516142 6
8736230106602454409 9
7813129387910182783 11
-8252935441724747748 13
3068499694768714988 8
1990196565483402770 9
-4731504211121717477 7
-6705000161296018825 12
3198990234342579018 10
7654416529812002115 10
-484919692048008756 9
7432307184861558292 8
-7463028807923732481 10
-2183920298047415589 10
6043796038136569296 7
5549371160153271149 9
-6874051348583134277 11
-7180345732457544922 7
2173519029905089198 12
6150016724376568659 8
-1466017641159147049 8
5429978606386574000 7
-6954884645454421651 7
-1065712679125731237 9
-7904332974551713096 7
2276760217071720704 11
3640791829945396706 8
223354276459540832 12
-4300118403419416632 7
2883629212378950700 11
-8246206589749282723 10
-6293525182820985089 10
9150954291634528414 11
-5917538641969387909 11
5813567568346431458 5
1132975266091138239 9
1253567306284059138 7
6423515774090404288 7
-1492343051323726133 8
-750251533905227658 10
-956632302706568323 11
-814318116372623231 13
7917281863164250628 6
4817147201108064531 6
2757104198314224234 8
-2778073775035842554 11
793099749314763930 9
1575446057681889831 5
-2203575273206276881 11
6910695082533776585 9
1716362642364409923 7
1276966452350945074 7
7149696313692542610 5
-1232879445077654567 3
1932415163258940925 6
-6615851335716884615 8
2548471874252205263 10
-552629580394723092 9
-3616337695172420501 8
7866856687955619596 11
5547873223298347722 9
8970706184070265546 11
5224040922532182193 10
-6741330336812694553 8
8372828590940765606 12
-1751553371063597380 11
-473572098402586623 7
2634917837991914606 6
-323699025221058677 9
-8104155431979053900 9
-4861086795144663597 10
2556408445427025378 7
-2945913486963836624 10
-8365636165609914772 9
8818577148921735574 8
-6361733985786821225 7
-7767620047648822244 5
-5803120686446846026 12
6644084637947922014 11
-1616964314210165723 13
-1027729491186751632 13
2696253454021100837 11
-3225344675993836762 7
6315080178694595666 12
-6415142018354860071 7
4048177261347076793 8
-1690649200906802150 6
3518664146619265709 9
-8284793435340642442 12
-5757758165588776107 8
5136876527637557523 9
-5012219995082574416 7
-4529668256387558540 7
3056973186260661044 9
-5392253128773935029 7
7824092944329978023 12
5878635166489647083 11
8120650300455984203 8
-1237438257563020397 7
-657496361697957690 11
4903624007104685279 7
-756592338675388181 5
87331355245348387 11
-1487110829151615402 9
2347312435964282224 10
4490062353927418829 8
-490010999766385380 9
-7896506362578021483 8
213186454394054476 12
6456557821758978669 1
-359652137547511574 8
2745544068557442362 10
-7286495868690400701 11
-4266022371711076702 8
2338439756058607874 4
-2351570685767011214 13
-7021857799459323002 6
-828503985350511162 10
-7375272120626251807 10
-6205988935330020609 7
5402745499275819465 10
7247948040552863462 8
-6778597556347464298 8
8811663780956397659 8
4139290043428018300 9
-5725749055679379040 5
-5884306666857201891 9
815332704580160068 6
3797922080133959645 10
-37433219872371461 9
7070886497122402402 9
5824929727252512650 12
5729352163098200546 13
-8144474837823961266 7
8341960680880538439 6
-7914929950067968843 5
5669290432886184996 9
-2817936378655926251 4
-1642620338055864761 8
-1811996644236296760 9
-2676762620962156958 13
-4758132040901036553 12
7626803744420324906 10
-1827520700541562364 9
4409106184358478747 6
6310286594099382311 11
-4757947682816063406 9
776868136711862792 11
-2384764911109723691 11
3590647790677271955 9
4513190674255950016 6
5670965541093453369 8
-4033167262478830506 11
1674825839708544417 6
-2725789429194110630 10
8374301667021373934 7
6255306383918095232 9
2109672506034047944 8
1168437800688916499 4
5018685557235319751 8
-8337036233900862253 10
-534144825912832605 9
5220020503945561750 9
7125415352105063874 12
2995549234715980863 6
4286477818066410284 11
-9029047745074598035 8
-4485089961214641263 12
-5978100256427975801 9
8999176102693428768 7
651681463815666853 8
6931998890682215161 9
-1445151337705105388 12
-333493667328162279 12
-925847316561948187 10
-3522652711967958758 8
579296033059119345 3
-1992190389210613959 11
-7715928343116265236 5
6145263123955220361 8
-4394682600340433344 10
5446241260431526196 10
-5620100318525816176 9
8581684923431218339 8
-4933554854947300174 9
1450152163609644971 5
5738671790343936525 6
7115060884204318447 11
-469241534560580389 7
6463915230812593025 10
-4255998651036248296 10
278077604539535125 9
272405764059177373 13
4497970020209734960 8
-1880158922170732942 9
-931077069276136896 7
-4691093289619908906 7
5137158784298358090 11
-3714225800788851949 5
1943371669666248094 9
-4871442012641337878 13
-8106439654008384898 9
-1039385678712831368 9
949321081510138371 8
738641250862251632 8
4674014760818687637 10
-6975539237801493174 6
-9084503890774569993 8
-2753484997383766311 11
-4101349717191817116 11
-7540199334724560486 11
-827655944058007137 14
-6574700334205811804 9
-8595232725964088763 7
-3597058684674594040 8
600242612003856936 11
4225192349403389376 10
6269123372092336964 13
-2847473588358626398 8
9194541864051894098 11
-1856794241816363428 6
-8027269543556899048 8
8997484612869745392 12
1294830537435900119 10
4134828799980020929 14
-6812374426733807154 9
2444115713211945205 8
-2855757216300587347 13
7509261579613912928 9
2106511118769416329 11
2758186826236722339 6
-3070168811315705480 7
-4466807530073980546 4
1085534607136347525 10
-3525133878120681947 9
-6759515476071617534 9
8783038295291610139 8
-8972174738207648969 11
-7088422486373112438 9
-3228326589005610295 11
6152177627653731908 8
1480563480119918438 10
-9054476793969077312 12
3555005147849407368 11
-1912468680038078379 13
-1960983926270414959 12
-5844828342363720307 10
-6120511863714891034 10
-2497604134518528088 8
-1725773955526697148 4
8364541823506358356 7
8509682431349236272 5
-9030210707346713352 11
6971432710907535430 5
7549375236442199181 9
2958095541427482504 10
-7228570166515096517 13
5336648992912786087 10
4813834692731836550 7
-7236784798102191877 9
2019235682894487616 4
303538719126969109 10
6176406522598600590 13
-6196025637802851630 8
2911502688391700718 14
3848207450428005646 10
6895949638996951961 10
7205358208524076686 12
4793877482802834289 9
6612859048859196305 7
-7924333789634473539 11
-1117478342445351532 9
-1251621858920723671 7
7971357847180469117 9
-8604858088247121871 10
-1419428482151545693 9
-7474689287929071716 9
4484744175792843639 8
-5660052668815794014 5
5027490767751616106 9
-5787187348390603233 11
4846155774875183332 6
3928424521565119515 4
6165660191858214563 8
-3064891150259453868 7
-4552343821824097768 10
1509465566077882821 8
2150353102757556617 7
-5076312607092768413 8
7903026877891908286 8
9011160323563740831 12
-2100610297286545571 4
8535957031646477739 8
-6052334378132758186 9
2235402495379453837 7
3650119224122080781 11
-7033664760467706021 5
2398544339739797267 11
-3546765654955435446 11
-5386814954252487339 11
-7349331406184442630 7
-3703092693526939919 6
-5817596033847329036 9
-2958950050674251684 7
-6708658676922115229 7
5069306790420409539 11
4074956041780685443 11
4541396814857170872 9
653608573268276737 9
-5760234168993559872 5
3990053042753240664 10
2991295912119453925 8
-7837293450873350798 10
4071421854922732584 10
6263528556200197480 11
6945224080532061223 6
-8221111243541312597 7
-6410478781251338571 8
2056727507780106785 6
-1934911805824632387 10
-4744409042991251175 10
3309918475225267849 8
223632736369120569 8
3367960789541544788 9
2034925110921323741 7
-1189466905696158411 12
-3865965508086115433 10
6540860971146323790 10
4825159057448852507 8
-2845517367558847366 11
-2829312886604153764 8
-4152053628377068831 6
-7367156438473970155 7
-1352083144647749799 7
2555861100192642293 10
-5268347482889530479 7
5123581913985467554 12
7639375046707736640 9
6363145698419045066 13
-8962616781038073402 10
4489013110617267229 9
7731546930802344111 10
-738702701739395611 4
-8056796729055560055 8
-6039109136040030941 14
-6180231451737878817 10
3650322975639391246 9
1725368776119730345 11
4923633122676183723 7
6842417491582733196 6
-3950979784557014275 11
2159024314567175726 10
5208676479552254849 7
3002642547147981096 8
8429403661589157302 6
1669884561905421721 7
-8822103023041971230 9
716121800990833444 9
239527046053122110 11
2316447435161770177 8
2765385195274767312 8
834081043708414495 8
-4404701863011222416 6
7412330520148106066 5
6744441252925401336 10
5020026404385854381 14
2387845329317619966 13
3220197970225356804 11
1362614908899599742 10
-8915941899408436244 6
6631631746664201957 10
879407923840422851 8
-2110362194610963782 9
-5684002419521803520 10
-9121052268701720988 15
-583759222250313581 13
8127759165193226849 9
-7688878337989789621 10
2355959620893802211 11
4523990739466561615 4
1804956567667772328 14
8849997567373045622 10
-399055805863066301 13
-1496404210496743002 5
6800036423322215090 7
-727604438616641765 11
5289442827539641412 12
1646489007373249279 12
3881439877084640322 11
-4262295342351502023 13
-221032191566547088 14
6393261552598058425 10
-2883046575959587627 12
-5037571289424349981 9
-1187789717283721417 7
-8383600211096304804 12
-3331268264945151287 9
7223039332058944609 8
-5160265573803707073 12
5303695235005751820 9
138263087390176067 12
6975258886004673322 11
567624571306619071 14
1423283857522480784 9
-5945120861190155569 8
7795993059482104293 9
-6290415683792713879 10
-8858124294476099863 12
2680897248434911936 6
-1481644154759282324 11
-8447866219299863972 12
-7773329796810099487 10
8317057096331887040 10
-350176664074184634 7
7904007079171569533 6
1191953458928939491 8
3590150623094125304 9
-9125841612634543410 10
5819825056890480786 9
-1294517187377925817 8
-4194219448424885640 6
-1669359806170880358 7
-856893493101947862 8
4983452596041312789 8
3115825415562595258 9
-3494116673865974758 9
-5234683102210111555 6
2198737631179112601 5
6307264408769301436 10
2754201135304095287 9
6893535653221968859 11
-6997296029777180431 10
8704215849499497956 7
3445108847629633232 4
3536398748294164589 8
7407268585222606325 7
8653477958057081672 9
6425146844782688869 2
2859709782145812091 10
1730238903782232359 12
1905483005217738227 6
329856290325644136 7
-5846732501285255183 11
6397469769008008657 9
-220414081631792023 5
2183520748506339944 10
2420653057937821354 9
7356284073124839621 11
3869500946986078919 7
-6866868393114871572 10
490682564976177107 10
8917821384663814404 4
-9211877221424105979 10
391050154589878272 8
-681475238081259711 6
5262877994303754945 6
1323228308508327167 10
730887525119199213 9
5740775620854111345 9
-3035553021179771888 8
-6315088051649505713 6
-2179533702755998282 7
-125943621454202049 8
-4918444834591616005 6
5998632571105799065 6
-7109832514262951545 4
1858334160672169715 13
-1857284381961871674 7
2471105573017542173 11
5555662313546122644 7
146615832581827638 11
-7796432338291233272 6
1140960862367060248 7
-7513323636274022912 11
4441767122950847338 13
-5693789921604454707 10
-2274416663915129481 13
-5897696907246862224 12
-4905948957997642245 7
-5758395950347169327 8
-115021334762614254 11
-8400680492714998277 9
3590962576532232300 9
3389269480820207313 11
-44062409396865340 9
3973451022290998460 9
7280172070014535460 9
1052428351894987255 12
-9017022779396681196 10
4422129978149672852 12
4261571341620685524 8
-3550758299190789931 8
-4891815036562172467 8
-783352908512751387 9
8223783168626827761 15
3423855996735368608 12
7643429419017330067 12
6756239125247276227 9
-4657749978550009094 6
5667171451673908681 13
1962078837448505168 12
2930773713838239403 11
512336370696018876 8
3922777080392177686 9
-3385851389921170121 11
-3467848905804424310 7
-4283684849381980591 10
-4330743031492312324 7
-7137413972171931231 9
-9066172538295879908 5
8545637729602847188 11
312438655961824463 11
9038505011616409500 12
2217031068381349187 8
-6272390919318473851 11
-1293744412693975018 8
1830792439654426901 6
-3735605966417691714 10
8335002294849699390 8
-5767552423223091360 12
-6987198340243185955 12
-4156134968014063466 9
-7610650318557803411 10
4692722066039372891 13
-6516833116869436344 13
-4982248818871047648 16
569610956820299720 10
1085830781793893944 9
1001812183129302956 6
6869061435614931971 12
6122445913977461824 14
-6964216504188251689 6
1385865196914086161 8
9052472374966498662 10
4276335345927354101 7
2834286021510653759 9
1301263079177412563 11
3702027659906542365 9
-4670527044972648876 8
7276702997263961677 9
-8586827415329371380 9
-4241071285964036198 7
-7641634638626626867 10
318328751201535152 6
4644088824646960009 8
2616725124853247970 9
-6571635868300381143 12
7468154446382694031 5
2195978443559707101 12
-3239431502558224034 7
-1397656279792047914 11
-1551843906277179241 11
7099369581981428996 10
1250023483778015274 7
-2876424637763660219 5
-8910382773861459264 8
-6248203899409437150 11
929920319148515969 9
-7580408050072682351 10
-6324493358379624382 6
8322766062680860971 8
-7671051620220657049 11
-2537750563677384385 8
1860331067990523660 7
-844393993207717926 11
-5043871250873791779 10
-1543415319776597657 11
514023193565228908 7
-8653042009508600667 8
-5570860527267537847 10
-6022192246650459404 6
3193697796663657120 12
-4333510631065878535 12
6818445210598160542 4
-4591087369166524930 7
-2198301699273646220 10
4264522478709187708 9
-6939577338122625362 12
-7504070272168100304 6
-8126708939772786092 9
-7078438729425182862 9
-6945954949841107339 9
6904503375174931152 6
-7871279558363822549 10
2470157591095646962 11
6355337906918812821 8
-5410119886379979847 8
-2220505352260808620 6
-784726176197695334 8
-1484381506258371018 5
2832180648011758207 9
8913930137572867363 10
-7342285615573419915 11
-6904979247795753888 7
8992289005127339953 9
7178727783800912345 10
5896648488997043027 14
-7668984229413673149 5
-7944284523929522684 4
-2551622548560925594 8
-8996767604201837450 7
-3581147777116652661 11
89572640046563160 9
6499696181442398204 11
-487307843792109681 10
6245147238121843862 4
-3999779463865632266 7
9044491311532949342 10
2776972778866264058 8
-794352868065040338 9
682599675577141021 6
135982360963543656 7
7302659218777490996 12
2251704079321646293 11
776578443826805737 10
1350897973807677691 9
8329818760204040338 8
-1411127825470369629 7
3012031195778426684 7
8824962946979260862 8
400571487243453444 11
-2985596136582429983 11
8469122262648043605 8
6352951187511112149 12
2617972823763190862 9
4574830714183404863 11
5690004592941733677 8
-4343486918752239707 7
-190105021770513665 7
4065527667881853869 10
-359361322669356789 5
799409640956661368 7
-8449792905389214592 12
6232041513805732269 7
-6914051299675400607 7
-8214700285551994962 5
-718874833198353274 11
7755191093080401500 8
1330385452613786931 9
-390665870818231993 12
-4235456721977332197 14
-1554626614849436160 7
9068398489386068208 6
3657921421137575186 12
-2713458897667712264 10
4621539964183151257 13
-762730360037386254 5
99969090908399862 5
-4692540682519302794 9
-4362082457832774316 8
-8794464314933792019 11
-7406284125024595856 6
-1471986774666298008 10
6298698077438364177 11
9045570031937103824 6
3333405876635571570 11
74698782642245447 11
-6256211218814833026 6
-8213223102954793819 10
6701138565877854153 10
-870800139233032628 14
5090040890599133991 6
-1361487718328093406 12
4260604554509713784 8
1952911561473944106 5
-5214434819272247133 8
-1363216336539072377 7
-5316174661770526536 12
-2945622694617483055 11
-5579942321533717571 7
-1055297146703496400 13
-6678507758424370257 10
-1359980146722041748 9
-1084009148218080851 6
3539634051387780517 10
7643444748096607489 8
-2311637808936496215 9
4776977300314135937 7
3435756748876170078 11
6947083823972177449 11
8738239113541907304 11
7590269004954075341 8
338742443510619666 10
-5881062653655164736 9
-2748407984528780844 9
-3995071927384878449 7
-2403776027139939514 10
-5663517808367621664 8
8304675672456322943 8
6839042299402622137 10
-4035822376186374923 9
-6316055302753894941 10
-2800865972839898552 11
-5207830671729883585 7
4313222941505373945 11
2668126296836337732 7
5972883598050447525 8
-3197074072593345796 12
-9149714581184129178 6
7791825861496625020 12
-6928474930371730981 8
1151346715622694777 7
6440272168230763890 10
-737027286956756424 12
-8632679418877796542 11
-5531051012024667733 9
-7939052104475211327 11
5748083884151728967 12
4309090761730300024 10
2429900339563890389 3
6938288106908696820 12
-6661933839254937953 8
-4805132262385473502 10
5821351902581704948 12
-6659407541028668273 6
737507326360558253 7
-4956530074739942 9
2788167679301911399 7
-6766592264127251564 10
1599296050210081639 9
2552341104330093451 7
917439485514026860 9
1326263409725651409 5
-6228742030919575144 11
-1814495820358873319 11
6354309364609289629 9
5622110801123228756 6
-3770512411176044921 8
-4571530853373686518 9
5162008190371606520 11
8747689790754352735 8
3747284172362077319 6
-3577129630398855983 7
-5643864500514297493 12
97791556988824683 6
3736733156988185570 8
2320569376191600805 8
-8392283943225755137 10
-4969503641982373377 8
3452938256359314133 12
3546583461048869992 8
-8888848660702173533 8
4989498275956463447 8
6621120405123867114 10
7784937705961767017 6
210180429490671666 12
-4630352884029517256 8
-2193095478698647847 11
-6097129959264173317 6
-3841781056173348214 9
6443630184896275964 6
8390841866429206814 9
767493735690639198 11
-5216612489564931010 7
949628148685738597 11
-2338554806163260374 6
-2154827000412231703 9
-9069123643374258403 5
1773534670106281409 7
-6441079808662590060 10
-3809874110359847880 8
-7600987149003050903 7
8896239742078805775 11
-601807802370914304 8
5727440398459675760 8
-6586148019612375856 7
9047010120503974808 13
4673063784947385665 10
-5024329881020001683 13
-6329132440169748185 11
8771652458068550511 6
-4292180045647676843 9
4067677745549956751 6
7451092046089754066 8
4683740221416595534 11
1400194668039392195 7
-3982163837278297126 10
1654418886382420649 5
360690757621588841 5
-7175274062507099668 12
2009500898812292594 8
3414200540802552228 13
-9108539087915780717 7
2058050850179465601 8
4343081721024503880 12
6490915734540693201 8
3457673053461482580 7
5433273133745495853 7
-8345812502207170171 10
-3672992225956239131 11
364496192587554172 12
-958323803067802768 10
-1548957445382184923 12
2881716664249500697 10
1120858054367751624 13
3582540896107005836 12
-6018866742257507402 11
-5849837387541504267 7
-3176387699376760725 7
4897309064011292399 9
-5908537748247197303 9
1956993029440002141 6
-8212000908062418058 11
428986659554422496 10
2150894460313162893 10
-9023374327406630003 9
-3284400828045287693 8
-3695268315851380658 12
-7198376141063922384 5
7542530094701702136 9
-1134918813817595334 10
-7136039001593497044 13
-6186840428941077601 4
-3434385648558742024 13
6070092474225704216 7
-5276043221684266583 13
-7883425776282819279 8
-4645903105164701229 11
-1510302956970362659 10
8863808238940527799 11
1343596911807052609 6
6869308375615018967 6
-8622758527189768639 8
6662423949895841180 8
8379397257639758491 9
627736304032013868 10
5395347129255913529 7
-1391758524657026905 10
-3416888247463907240 8
-2756302428160442993 14
805655401789325617 6
4300405078452734257 6
-667594406620963382 10
1694429433066785203 7
-7354740541183883709 8
-572556780172987158 7
-302293459553352369 12
7025366711669970710 9
191220633504636691 8
-6555586629834785399 11
-5822795551829922222 14
2907683930038267950 10
-6608298631828697754 4
-5899057515185406979 10
-2666492118568510649 7
-2030116663467026581 8
-168340763322351161 5
1908587899804144887 14
3218092050930072900 5
-3263328301975972925 6
-3727502395550694493 6
-9145777520205725247 6
7890671264406164998 11
-6727750517503223698 9
3748147684377057803 10
-1885352061314203192 8
-1992150752665183235 12
4615526152028006708 12
5594246380479242276 10
2495313916948057150 12
-70069283883831873 10
-2456713460320021035 10
704920652595774984 8
602448597376115459 8
1621542276880242110 10
-1218950444972974566 9
-5044207894771765716 13
-8473275538104272055 3
-881318581732069919 11
3308914941816362277 8
3656730816993059661 9
-8661176854105792802 11
388970250615740817 11
4030295602663197100 12
5058813363468715516 11
-7994902729713639304 9
4921405795366302419 3
-4273092688274784809 6
2444061184856042317 9
8148757208710466111 7
8342876499142293717 7
-4039027514332255520 10
2696775754338163929 7
-4049705781350165818 9
5226891663829893638 11
-2805674540226075525 5
-8123515873445140269 9
-4987768405783626668 8
1993313757241337701 11
7175519243548368714 10
1040869968814555541 8
-3052570766518457972 9
-7574717159265197792 9
-1446776304273448969 7
8463477315563577050 10
1284558486421775437 8
7379815325344460121 10
-3414303211949242521 9
-5387816311722402055 5
-5530408406415465543 13
5896101608443238601 12
8375345242005401141 11
928858668584752530 4
-6387675959610435525 12
-1703418554733977038 8
-5078132538964267386 8
3272265447940610255 11
612895430131052083 12
1039566330249070194 12
958391185115309395 10
598125719000481640 5
5099407662841558299 9
-3906560966417846535 10
5455174483187967680 5
5288710522012849194 11
2155389107364920612 12
-5707609934067181642 5
2360658982216627164 14
-3241281423316685431 6
-136592277603231381 7
-8166311023810353474 5
9149447565135454470 11
-6135803115975429413 9
-4091627871212153529 8
-8717453497152622045 12
7287282377764867603 7
2565479000805968113 9
1526969493658079466 7
918213874127696386 8
-7949399491921438818 8
-5095902632005684054 7
-8634781196114839808 12
-6369492452471864809 11
-4450093916018095951 9
-1180930976119881423 13
8071685960978526724 9
-1934896399563935441 10
2321714138890542882 13
7987362977148912825 11
3909520036128078189 6
-7572993622338205196 10
-4802582058606378213 10
4736809213702912924 9
3193658310784736256 10
-5182587838774757376 13
-1567416934563271784 5
-3604175549704206209 13
1893335450876413369 8
8131602578963382068 7
3158421489968269200 9
-7250124448832187393 11
-5948788439654290422 6
2382435675227221196 12
4597242064912145009 6
-3364581077620165880 9
-954069162154775526 11
-5579004614994487338 11
8226732424997826297 9
-8180733626824348644 10
-4391000247970808863 8
-6364903028557246531 9
-5082345466914850560 11
3806516346430598506 6
3926444942371750162 9
2884544076616882110 4
-8105153459305629230 9
1110681137930721125 10
5882272440399556515 11
5301195681213322486 15
6820079410482591482 8
5388501866053370132 10
271155320615307825 7
3249420405630529445 12
5411638227611730290 12
-3339194008845298654 8
3622446294479782409 10
8306821860704031019 12
1445907549185027521 9
3834716833691182689 8
-5084837507370238617 9
-6077760675848672513 9
882165392881559708 8
-5958161690712050771 11
5551578928312566197 6
6173701057522411801 9
4251372190585352848 9
-957666172866927077 5
6565263842422439993 8
6279095945571941113 9
-4922095715061830338 8
-7310233490458399725 7
873724997933308545 13
-8912510904313013586 1
652930807178974985 8
3545641625532287510 11
-4104062131013227208 7
451819353113529874 10
2981770422016439521 9
-281196542083393598 11
4016599213499400796 11
-7791789689751869066 9
8862919639033450004 11
-334613557318880020 10
-3022507758351756200 8
-2420314244234334462 9
-7453141849213997935 12
-9177570750882932796 10
-9007780096311832893 10
4603839875406222268 10
-7202203053160170067 10
-9020690632526017776 10
5843163922499045208 9
8350817149399113277 11
-983178541997101191 10
2772930760309701796 12
-2917520363263825001 7
3827004209089535406 8
-5832630879334539946 10
-5058536226240679263 9
5735961097485358242 7
9087401892426636442 10
5172894838476050559 8
-9212797554985503011 9
-1517493579596325263 4
2181588851395799225 10
-6108948635949044847 8
-852178189449353012 10
1059335630089961440 13
-5096750140722261773 11
-8731061363935553157 9
4022455038851848654 9
2958322180704579443 11
-4598942625227891992 14
-78693621219763377 9
-6320028438228768005 11
-2339811342148538495 11
-2992416201201320876 6
5456532525207735988 8
5433844400258554312 8
-7386151854770082798 14
6371317352086700326 6
-16468726256938038 13
8165985500652378871 11
-8149507563234691157 6
-8112647329557958480 10
3967534245292561662 9
5786007738555543328 9
-2810284462944522780 12
-4169366813754991783 10
-7586506147585459997 13
8417250312493531554 11
-463907038945719291 8
3239849940781182758 10
-1777957773357155656 12
-8879186828615004117 10
-721097264796995837 16
-53397411677635209 8
5359963296227661047 6
6106557746012267082 2
-3660749572514275217 7
-1580386213858620812 10
-5800587321374438476 6
-8937377600333808271 7
-7836510867304463735 7
8984983420928131024 7
230103838597269639 6
2578531061151080739 14
-1092441964398598202 12
-4925242027476744645 8
8472187480294730179 8
6323463684318319132 12
-3338346053452124037 6
2437256528586120794 7
8474210325753115143 13
-903861332852625387 10
-2952525037019962256 6
6335400688786541255 11
-2687498005098248352 6
8057282336073170036 6
-4294000691661442595 12
-7184269229765163789 11
-3686082974436481207 12
-9038466196979797426 15
-515174918353902286 9
-5948139080284925417 11
657583125603332609 12
-1409144222322474699 11
1101080746404263561 5
-2015293453211052343 11
6793064324743388762 4
-8070026493466008074 11
5314138589677417754 8
-5291209912409522070 7
-3496944855312041211 6
-9182277330095295034 9
-7496284567039246912 6
-6379489521107405376 6
-7573632873552365591 7
-1736530200480750791 8
5876527756673190571 7
-1688846707474368918 7
-5685652379740460639 11
5090522816630583213 13
6815790645690668280 11
-1620496252762866621 6
296096430620433557 12
-2809525103433960381 8
1929583465436867112 10
26287644842470462 10
4002984588038686062 11
260843114027752859 9
7097070186597265202 10
-8947656702342075804 11
-2302519973673409951 8
117133383228378092 10
2462563281827796222 12
-456356420714409134 8
-8915934593972452933 10
4407238850770068958 13
5516560029374137999 8
203164147787509108 10
-5494465033647805213 11
-3308970089239766595 12
4725381399037994456 10
-5851277856181601327 5
3466294370256219825 8
9109530311010463090 11
-8387583654119167451 8
6700899796849308567 8
4765603414824453418 10
3471783730804569690 8
1835739528230805372 6
731178369072006668 12
2915432469952304422 4
3883594714986076790 9
3938681205504156571 8
-2124405212319596648 6
-1596972265937690045 7
8365392418940915875 5
8294789591312636389 12
7581121913820404270 11
-5597027256923555121 13
6157450192674967691 8
5779271811208610702 11
5719827446135436774 12
5781823483038668874 10
7195096351894164395 8
8236105066040074378 10
4148908115819865208 10
-4605943535313075768 7
-1255799854443424274 4
2558222028189352213 10
-1510587996769985404 10
-553751800946525671 13
3208653011620370508 9
3797882577600471833 13
-8587045406389454758 14
-6679899880953784083 11
-9048863268966468145 12
-7751106170616981714 9
-4281879592556022180 9
-964684193173275016 6
-1894760292516422786 14
-177941176302641109 12
-598005081949424656 15
5193102673659547527 9
-8309508439940503337 13
-9133979217786675155 13
-5891260625888968600 11
1909431525870284974 10
4252167684005570323 6
-8989200951126261105 9
-3970741038019131310 10
-7069733811747769294 5
1871143191945333150 10
2754491967428966358 6
-6627801456417358687 10
-2996286461856041608 10
-2643099388013159763 12
6919282274985083430 7
8175364596941255642 8
6689763444746304090 10
2213150002597337182 12
-7559209065667540958 7
9037404733303159936 10
-5006016360515986910 7
278155972784772841 9
3751810679251391263 9
-2883336320316881612 9
8828100491614377362 9
-5862605786687289777 9
8460455396778641543 7
4210373138817767617 13
8977380436138007378 10
-3433575337450355378 11
3311970945472332664 7
-5090596280385203826 5
-7966652842368504308 5
6198476140068032391 10
3920392978543976718 9
-4188113880311819896 6
1533278700338972459 10
8404882451574207874 5
-1693475099413429368 8
2808124551017738558 11
2490133850159081782 6
-2340727427022999856 7
5754821874098114936 6
-2266251138632158223 10
-121567185067719348 6
1014260925458020464 7
-6452277940362596254 13
-5140765839768058145 11
8496990496348800365 12
-8929845673246977442 9
7803991796602153477 8
-1458540541167731173 14
-6265396106930864430 9
5870244372293299183 8
-6445208359482194946 9
-8350317635218992982 12
-4076481207621013161 6
5260214358944399015 9
-5347872862251525041 8
-7696300360985987605 12
2893791295839021204 10
671347422972806507 13
1109424465210705102 5
5322901360438608428 9
-7800583109228629308 8
7964087599522199143 8
-6609802739063316580 7
8534901205760054640 9
8021775095484590812 7
1637782228201099699 6
-5371286614766789589 8
-1007302654695365101 4
-897037976333475912 5
3297825243187445451 10
-4118683385099475116 5
-696043929792499884 5
8138699731579094222 6
-1547371473510146897 7
-1091297268472684479 9
5626739336574171540 10
2339491373546010129 9
-1229363700158856025 10
4176776389255057387 9
-1930349493618646330 8
2952910859974103072 6
-7057858143638783458 11
-2074694444763032826 9
-1203326727069258 10
4993549455683735533 8
-8780293381712757020 7
2212891304048032821 6
4417583709398020046 7
-8056505969928093848 5
353592806586500040 11
392810079861996499 9
2439351698357655590 10
7229867450624328634 8
6850064349185965499 8
4760438079320260699 16
8305077125955094080 6
-4732247012393528645 10
905907025755220735 7
7574340312936817043 13
-2770803200381010934 8
48758338255376447 8
-5066367674459575042 6
1895078041321061848 10
5757543510533802749 12
-1380044576910935698 7
3943293642762094982 10
-2007526368131681926 8
5962225777709500175 8
8698247815605355783 9
-8131030918890180082 8
-8694081439237200192 7
7028320115397366020 9
-916079242219153802 7
-4338877135656968586 7
-5474217446075067932 6
-7167997792276888255 8
6514604456459537808 11
2214255430142873142 8
6216511098890906810 9
-5855160533506333812 7
5963513677879843630 7
-5736748823480937167 9
1727631226251803090 9
625216001804750778 10
2670454283047372346 12
1964358437898702435 9
8836525650218089674 8
7240968585597733495 6
1457732407215937725 10
-363952545953720217 6
4369345956237184197 9
9105785413577301540 4
8816718769370353494 12
-3791901119547696562 7
6582407016604248651 10
6824085082849928480 10
-6398627661080821616 9
-2321740144106853057 7
-371593143172674038 10
-4256326601798196146 13
8638922840458841094 12
-8345534111017067044 10
-6776238017792459888 12
-7881378424833559769 13
-4552053011174063111 11
-3922055839755940989 11
-6531134086879672171 7
-8112600307134789616 8
-3141269626952453964 8
7388085885709355700 10
-7220785416234216659 10
5970122361432139186 8
-8530953470929842111 13
-4726690377392609010 12
-4424569058670909993 10
-3837665506297597826 11
8914778110145894778 12
-6581218187761505666 6
1573478012045235967 13
2614679285229769235 8
673052088761476849 13
-798950256608799597 14
4202631391815947412 10
6706206165673946954 6
408383009282268222 9
2883381369965565944 9
-8697670265465442324 9
-5615495023820253440 11
50683281891564187 9
-34499260659896073 10
-5779332646368485111 10
5109610583709111442 11
-5686044914508113996 10
3541691050807711922 8
-1642722690421022054 9
-3999497138485355089 13
8723642988703882296 8
-581153776643369945 5
5491795930134634149 10
-885712646322562267 6
-2213196827392750077 10
-6917986505894828950 9
-5253109543274768891 14
-6071863099068761239 9
5059188534220167586 9
6406769560214351647 11
-8138263802840229085 7
3665184719758511864 10
-7616208881810150461 5
6343773030938120303 10
6292164011874829716 4
-563951879567743930 8
3170577108399154000 12
2918794164124969259 9
-2675174239179052035 6
3629514022214325151 6
5004875194781338480 7
-4589057116728019816 6
346914937822221008 13
4971024410423309019 2
255768977501014243 12
-3102205507187984171 11
4286526022526502284 11
8995618827601271276 8
8335630902652449698 7
-3652266202745294554 11
2703430400726331158 4
-5424294870866769335 6
4743415781783684837 11
1321884572702522591 4
-1335876417885025873 13
-6084841902170174916 8
-2767554678923542535 7
-4087566918395024854 11
2600647508739985610 8
4425273440226002659 10
4046375618682595837 12
2808890458784145216 8
5977000306092338303 8
5489362168094153410 10
5534590529467180466 9
-1707441546857582104 10
-1954585716215006167 7
-3143597931412409303 7
-3987998659266098452 6
6038114205701674130 6
-7465367708177712081 8
-4737222327844030887 0
5401022414573338769 10
-6872859482314112796 8
-6276338459152731089 8
2681752540484094519 6
-2776696742936118389 11
-4059006789281231562 5
3683323227324677118 11
7460676911788947727 9
-9129062153710810303 7
-1800747543913416827 9
-2276249801956232408 8
-3738195102569059639 10
7607812244647149240 11
-3070994516168934176 10
7656611840277291184 13
7781406221019686772 12
8581974638814522690 5
-5718157113166746929 7
4692920237832446957 8
-5361867172716931803 8
1264777115156240019 9
1103900635383652398 7
-6648325179714919188 7
6916449054567044432 10
2108511871821882984 9
6452340938172715749 12
8352931551608594472 6
323425492372075115 11
4166165805250488006 8
-4905522052043232348 12
-2867576604707806303 13
-757054491599598361 10
-1467376187450377638 10
5896623146007124557 4
-7149708171462963530 10
5443156798852464030 13
4096067113801408981 8
3261013877398234748 5
5322041630946047237 9
-4209323837930882996 8
2541309281421397896 6
1034304989016734570 13
8667526825360062252 8
1201294696703920132 11
-77579017427805002 5
-3174334116083128236 10
1996645149317581356 10
2453318901250244455 13
4422254856521091343 12
-1204435926062613291 10
-1039126197321004440 12
-6219273075816792250 7
-5229796528730060293 9
3969445147212126359 9
2875274072957298654 9
6823434678571319137 12
4748276588565039369 13
1746703026022789916 12
-8947949831606820896 13
-8030548515848877219 7
6258931754700333055 6
-4786236685647167553 10
-851287904961454831 10
1163193948123634796 11
8528748672203406489 9
-7497823073695925809 12
5452742519180531857 8
-4030108201469509470 7
-8090651944851219262 10
7447356317774592182 11
4073646076532757309 13
-9180185891041747659 7
-175076809002847321 10
-2067518076872997606 6
-5578737528399050322 10
-4982404449041582917 10
3944144554653269679 8
385453362072514875 14
8924837101813007479 6
-9008886851548779506 10
-7194866606452778317 6
8260875956486370250 11
1259171026456057620 11
-3313889267083951277 7
-4152120154771524419 11
3131867259982848344 9
7894510337937662667 12
-8566264002345483560 16
2488586270339445389 6
-1530243332147206650 10
-1550437982579485644 15
2438366307013024163 7
-192799890242244302 7
4008805449111853964 9
-6831569265909435209 2
-4616805206635757046 8
-6015697357523658841 10
-1606172448577505014 8
-8979760622377572451 12
-8513814048189098109 11
-8662590318488005480 7
-1806400246754153231 6
-6502145106084693539 11
629482513582090619 7
-7575693283800504669 10
1891559391426378845 11
7845856206008884505 7
-8202837177441286732 9
-2775914727974340133 10
-6285058484065024944 9
7392680539583602225 4
-7563595927845324264 7
8360398587019389309 8
-5475636062616213811 8
1144056078885856973 13
-807892820526056901 7
-3790491320607953561 7
5267187430016312670 10
7849954597699549935 14
327743604303086249 11
4136214185833770193 9
2862735966051572332 3
-6132301115861870645 8
8124090470478776664 8
-4950259386420535136 7
564276286986172804 10
-1894904929808793403 12
-4037652531595517786 6
-6024189555221657995 15
2542464211708417798 10
-7201816256633089154 10
5243871574023557158 8
-6504029975179307138 9
8186817019200095395 9
6458545133222886308 8
-7731698307219312801 10
-9194971865062780016 14
6645778147133633230 8
134782576136485972 9
1122149654424298356 9
4604776176450000400 14
4151712812307409744 6
2234466954800155369 9
5290290116660682983 14
-8169461790949258702 10
6792087460208838113 8
8113590387477241973 13
4908387798084237583 8
5051249898848102045 4
-5570973473568845739 10
-225565958290386026 13
6396543960824746016 8
3666730441080367018 8
5853149008272388015 5
6215120789223698918 9
874549636315766899 10
3863372591466878264 11
3083141866983990096 12
5434709359701092207 10
-587911831798727206 5
-7561872395154582836 10
-4797789581360613273 9
4547984618727553774 13
2849581191598281628 12
4131785666846074145 10
-5887885436601405130 6
1173704695755707125 8
-8941776364991760202 10
-8838541187245970310 5
-9139037196433759361 5
726539645310580006 9
6569745807889633458 9
-191966337844900775 8
2482590588092978121 7
-1596877410208233897 9
-3373797153663452516 5
-6397800262241444404 13
-645576439688466198 7
763175637528185845 11
-9083836748391609249 9
499896317950573899 15
-642200040381896072 10
9211765779693282840 10
-8520072500223464392 10
-8259843941432804092 12
-7817245785773536327 10
-8381138858655911700 6
-3771927089089577321 9
-3969042168904611974 4
-3063609248784791510 7
-3467215258008875460 13
-5959258598376448284 10
8724785534440168325 7
695101766245377104 5
8368190022589546576 9
549587400129187236 6
-4538018586395634291 11
2794068697509326862 5
3258924578961681444 10
-1453352732983089931 11
1605214816294008846 7
-3572667281126041916 9
-1024595364594794088 9
-8123675589997724282 5
553001835468395818 10
-1631946652504027928 7
7817877931299287808 8
-3563189655995584018 8
-148202830408446726 9
3064384469418766483 13
4600000713395567205 9
8146615513624769646 4
8869537133471012140 9
-3032743911540987169 6
2803919454042058342 11
2245848634907804452 7
-9130134046152946436 8
-7387986372750903383 12
-1248499419816766242 10
987645800167044200 5
-4159242537853870704 8
-4396165264651636955 8
242761954987382848 3
-7039584341115142692 11
2126479009636167421 9
6729848559904313355 11
7809821367315346663 14
-2093018874772750886 12
1126050553982456353 8
2450771435585690529 12
1370735990331752269 13
1583404714391484153 9
-4384420445240814264 11
-3431210718885426439 6
3218214349643687953 9
-601815544588048098 10
-2598549964580873031 15
-6000522100697896811 11
4980183190933873922 7
-7131353882053714134 10
5189863253870223157 9
5540180624106347149 6
-24188420733939471 12
-7064497488686256420 8
-8995536579656689567 10
6866948629865967042 8
-4870149329776634124 9
-7941066200102117516 11
-3557930183846652392 15
5655488967663808117 9
-9108422436432558498 5
613644853349559782 6
3723356239835748657 10
-7552775224198279829 7
-8617639366275738229 10
-314092431067419480 11
-874378811329348780 11
-3722078064855706137 12
3973300015092329409 6
-7326560117091207424 6
-7546811170385651621 9
8386224362402620269 8
6468207010612505325 10
-5700782511176149535 11
7942152444023539637 11
-439563632342622524 8
4953617149947146738 7
-8869075647252730092 7
7738515134511534669 7
-1239202864984024930 9
1336787556959496482 8
-6020276780448470106 8
163967367749677665 10
3204262092147954842 7
-5786992216681735677 11
805988792858353873 10
-2454047907749756064 10
842947832967871777 10
2633795193722739854 8
-7479994278083312069 9
-8724304778196979578 9
5985294197517557552 10
-8181064758566156813 6
-6671773569074745071 5
-516441253307259721 10
-393382350095434320 10
-9112267937139497012 10
817766479924032088 10
4312498683584641624 6
1045812900019225268 8
-8777469576931590730 11
-1338992717488811201 10
5593758505565663691 13
9016590505340746187 11
-3817827303358997935 10
2784467261589086535 9
-6427435899502623684 9
5868335266438300208 13
5279104049040865637 13
-8270341378068917254 11
1695829748660011427 10
-8215667752226547262 7
2330855887412029683 11
-304812045178237601 9
7513815402187322949 10
-7780493989941393415 9
7304095688240811122 6
107589245518503961 9
-2704574164368686022 12
-4006994722241985924 6
4382569402537178292 10
-2974354509782420287 10
-1817098742707729145 9
-8056492515078313184 8
3741389686756866572 9
-5779026637730920926 4
2832318317832595041 10
-5329383901107831868 5
-7317756307299218175 8
7749450391388805682 15
-4490822188114390583 6
2270422188654143757 13
4400741716856783282 11
7219735988700328864 13
8169875622462994774 7
-6458060937008805696 9
-7575051030296887104 9
2506790166221189171 10
3197384010300202327 7
3639981637762395114 11
2984085651356855736 7
8242762683018958108 5
-4422743268099670420 10
8962679441717640424 6
4042854014628355140 8
1565406521082025412 12
-7848821091917496906 10
-6789895227713877830 9
3097284267780923107 5
-4928754912529141911 10
3559936783253811390 11
1318133563070569136 10
8334363732671555609 7
-4423959819777239514 9
1637778082828453371 9
4771197354002885877 12
4259676042351244182 8
6847388173451405141 11
-1619086939322479766 10
1556994944874817456 5
-2843548820603636917 9
6937338495849556416 10
6370987569070705446 7
9122836307833380733 6
5996747310178113277 8
-4219284761941360844 10
-3932236566779449234 6
-1959196625451812370 10
8958691268386255876 9
788575953067414848 7
-7407706299737843146 6
-2129968052884132574 7
6273229791800421898 13
-8352485235260224362 7
-1382738417040284800 12
-9216683207177022084 9
-4941825890023718570 8
-2716454516247725761 9
131865945450306753 12
-7909305840038844304 12
2236257883148380796 12
3149344868451479052 12
9173043752033973221 11
9178561039270278710 7
5522084720500175977 10
7042644037072928907 9
-5221980844355685167 9
-6164420887391288403 10
-5427083774162897648 4
4314825612572376773 7
3295483039616791900 13
369890266460600650 11
5459388987995149737 5
7729205707932088015 10
4889311340668811993 16
5141723407019458243 8
-1045374754007687847 7
-9090315369506405152 11
-8311210181888387269 3
-5153650120823515524 6
-3709704615628441808 12
-4098001147353872525 14
-8231366215790797473 6
3995624536335643396 10
-2843198133813792230 9
5633102243004936319 10
-6155565863961425953 6
-7029378347500965495 10
4189878466136179520 10
-2608145117334716488 10
-7893428019317372858 8
3411139241449733901 10
3459394290628397413 11
-878346621020414831 6
8906133673820161944 8
-2419252379012950767 8
-5666744977337274781 11
-3406755817548210998 6
6833545324644045626 11
-5284167943589004204 11
5701465847756294668 8
3177309014380767492 7
8810667074549789408 12
4376805025941123443 15
4052333716279899497 9
2431276353324453011 9
783976272706062635 2
1458477532227207062 8
-1360957094274033681 8
-5797324730670234632 9
5822251691752787847 12
-7241301788500737169 6
-8496285292062166962 8
-3455604824965531157 4
-3843156039049486132 7
3320727568071661420 7
-5870096331094569817 12
-3679600924384660515 11
1108712479918415733 9
7409194555303374553 12
-8222272175208994978 8
-4002041413133326690 8
7547328605495439812 7
8975189137302620426 5
-5063878501453985704 10
-5648526337162748431 9
7188431409726537022 7
7379568536532283 4
1550190600124183186 11
-4732111239877621504 8
6917462643270262925 10
6233018697838843696 5
-6296453520295790153 6
6378742976528203460 6
8474584049895868966 9
423728250253306129 8
-2422285994572503278 4
1834472553125994233 7
264136809309791309 10
-2489817843080802566 13
1870857250596209566 9
3209919362677791177 6
-7851890847723430839 10
422343375968006383 10
6054908376552599304 11
-7364644871366025746 5
-5416252304689698548 8
-2280607076510253054 13
5778586291681122767 7
8747734486081958121 11
-430834607884146735 4
3969782308406899498 10
-8063420422696537277 11
4740324374507464832 7
5624820162713096645 10
825461505449861027 10
7590749217224732860 9
8787896931566353565 9
-8556253175748666559 5
-1008724846899909547 8
-6746634221540391411 6
-2784766542133765822 10
9062806100293837712 9
-3873755053956335544 10
2320433534975312670 10
2170112473077934997 10
-8189727037571958055 8
8196541024959021252 10
-7369062371014902053 6
-1217683521443422305 10
3342912801131772380 13
-633007774121911614 7
-2505978509658141273 5
1853477826746477551 12
7537942231131945551 8
8634806560250716847 9
-3447552026185513091 10
-6989799574785308298 3
1048477657425125366 5
389955196659505172 10
635894188946002946 7
-6508611726962129756 7
-6008487412725037189 11
5992560511239531047 8
7978855171670028772 9
-6164959785804992710 13
1420781214470180659 7
1680710389838301835 6
7114375810539546638 9
604697565549660926 10
-8647678067647574008 10
-5364514603827540720 7
-1152737074117438727 11
-8859369296736303856 9
-4009372384750614670 3
5664436266234136941 11
-6972277536879595535 10
8955201365286199578 15
-3947634488533562090 6
598689376853217829 15
-452761662285331178 12
-1916578755624749331 12
1358779809170419937 12
-192151501073363528 12
-1143442215473048496 8
9156425352654958220 7
-4204894164634271529 9
1343293514638209345 7
-4923251583360266709 11
6062712575115342706 11
6332276444036661975 10
263580848374656650 8
2136989738355340955 4
-1648786984458747821 10
249016341072412710 10
8835267221779610441 9
7224230549028851188 5
-8000689501108405444 9
5380947047566812591 7
8669138649131934010 13
4463726786603626251 7
6634153035767061922 6
4519001952138699433 10
105375400538865363 9
8542131666679659554 10
2257177415608718606 8
4968712611445468629 8
-2280329131996732325 11
-935806235472887098 10
-4088865573854880315 8
-8791105870329843971 9
2442079006664437067 12
-7267960857696151488 3
8040416522164530824 11
24341835234354222 5
-8197925559697101858 10
-1164049700635633289 7
3656946498538560679 11
-2608797087333793406 13
8550846540465044107 7
4935000785099198343 10
-2030367281913471637 9
3082960132977884942 8
7629718007144294717 11
6727890553485831501 11
-6005607645836658050 8
8592454433131732864 9
-3825051029532981574 8
3752743388645345715 10
-3638372890785906153 9
6782523120501598292 11
-8795441986463591592 12
7246971479668833462 14
-3309164514331488119 11
3726474388625901735 6
-3055671657105713742 11
8234721245201901722 7
8764582837579427704 10
-4867585738574067870 9
2884214293585092030 5
-3694908486913447394 7
-5381643232033484431 6
-2421299108539502969 8
-1495271264933882261 4
-2260628592969198277 10
-2612120462893425045 6
-634362145688434783 10
-5635686469402033102 13
5994558657235869827 9
-7449623709480899308 11
-2928707731822790557 11
6476207628073831255 10
-4800879711447614217 6
3308351767147509864 10
-938641236304385139 5
6104105493456878355 10
6699312843973899378 8
5346358305867580613 8
4009451118534216935 9
307187457425803014 11
-1030895729521590191 8
-113460351166878769 10
-3917631517942223303 8
5986139404131695465 10
-7757344195743621695 5
8717029784988976896 8
-6323904982189591607 12
4789802729023800452 9
256633880397432743 7
-6681331049595580163 6
4311283591629247020 7
-5283901618138066310 9
7228330619934877974 9
7122285848326782167 7
2014710004129150748 13
8938452208106572394 5
2801535937195698059 11
-3045581695034487208 8
6137096195840428451 9
5250924154378256095 10
6197995837131016290 8
5116119085185266863 12
-8756221341606036989 8
-8918848304519886737 11
-6237712861002340133 7
7531333823019713747 7
-2854219124369944602 11
-941122943504245582 10
-7422569763136492814 6
3869417721073483478 7
-2404452482329024695 6
-1287479981235376311 8
5940163218377014798 10
-8598503186472139346 12
-5302794098780700127 10
-1112108584390639182 11
8570573315338565242 5
-859695143646329432 13
423462199747364671 14
-264303787220881049 9
3110765133387543995 8
-3958828011366348405 7
5388768876301518610 11
-8072943007713932776 12
2850957291989893642 12
4128694062027814071 4
2286853782043943148 7
-3265487236063611881 11
-8397412393225679358 12
-9220103559100158231 10
-7373067352055742079 12
-3114906703326964100 8
-6602943794959080055 7
-6789615084176937757 7
8552808151491009396 11
8312730971847529503 9
-826665074897215594 10
-3837431926931933742 13
8301976589232157614 11
-1559464089703995093 8
-1757980445544898216 5
6259606059341153618 10
-6694236792581549532 10
4166430101002365314 9
9163257220226738705 6
1120497465709835176 12
5559508681959210634 9
3054799205122901332 9
-4361097066018347823 5
6407528451207706035 8
-4902464088430292464 12
2828259649937774860 5
-1572355622719238665 9
-6603241099142427084 12
7863081708124915866 10
1267281141351422508 11
-1297983103620632329 6
4423386870551887583 12
7450431841276693426 13
1985051127772512059 8
-4085688622708796906 11
5634807968857825940 9
-3733116190529064195 11
-2817329159799468494 11
486499050436646979 9
-4305810868942023812 10
6943843538811942998 12
9115794969485266667 8
5883249304965133336 9
8678699184197190203 10
3471103965268368630 9
-6457746664769489601 11
-7539351604968234021 13
8349975498307409019 11
-3339814571006189496 8
3826192194596526056 6
3251534233890731038 10
-2808377382875660651 10
-4685765228976094237 6
-4045903220914730968 10
5870122613353053882 6
6804321993602457833 14
9216435023627742644 7
-9184001269875454707 6
-7037036785785439312 10
-2242598445130058234 15
3406040343527942165 13
-4852016096519152218 10
4249269357391587627 9
-5524064462291175081 10
1285161323492543744 12
950708835701475126 5
-409155835069473227 7
5653070081913130906 7
-8573139490037846511 10
-268004304075648779 8
-4326766420577242573 9
9109574933483008964 10
-900855968611361639 5
4377550591550979814 11
4918600680453946875 11
-5596221328045688869 13
-3171191302868335995 12
4147444246656792103 9
-7733336517298152267 12
4646142699075075808 10
2826552108977423678 6
-8069152957849981008 7
-1071099523061934119 6
-8471035154308288227 8
-1156562481327767030 12
7809536877271666878 8
1066371930091815014 13
-521476765676484875 10
5203008184105190389 10
3459721218147145019 7
-6547432888170441200 10
3377653320624268166 9
-391499486808994194 10
-7714481627267333653 9
-2767289070056729066 11
4938395592127673226 5
6508835551669339447 9
2199420653022113312 10
-8793621924291312188 11
6893981270753428834 4
-3965323323900470771 9
1403994981472469327 8
5221443372293487083 6
-5389515036621024815 11
7076837256875991111 5
-5825449877455227716 11
2929793976842608802 11
146786622195724467 7
6583851420356659208 5
8254510483408448425 12
-3394080899686266839 11
-3480934301851632063 12
8393239468164494075 8
-2843942270329984841 7
-7647496936552305963 5
-8351821614443784397 4
-964525016360506579 8
4123185181364944563 10
2874647591836567566 6
-1519379199765791131 9
-5097452990568452129 8
-8375901021309261738 8
-7250247950783781769 10
-19568568405169076 11
-306523042596389570 7
-3660898306137506703 12
-6009367096851527377 13
-6615210985502938959 6
7372879224636227467 9
1395042461084412002 11
8434620958792689403 9
-4453380893922585439 11
1590342597283481468 9
634651272237134273 9
-2526842103195295204 9
-2487420580214814953 9
7246935314828747842 8
2868912440849214702 6
5058391752308301383 9
8063249284500514916 10
3328136481907954529 9
3527261536946283996 3
-4304014573443525868 11
-2928746332731023209 9
-8732371472058312018 7
446848604534366915 11
-6150223942450035889 9
-3499206322386819987 9
-7498103131333386858 14
-402465977370731864 6
7395801858461094324 9
-7771878257142971490 10
8829803270457320133 12
-6025685943970138033 10
9007150178548643431 8
228611946919877336 5
5539635497222564762 9
-8943961629485382880 4
-5495840500942020105 11
-4244390077484728141 7
-773891465003851164 8
-7020949762992831410 8
5896529816689640306 10
-2244302981479771824 10
-2938025722186006176 11
6513826555268680903 8
4952113987781884538 12
-1686957787295902148 15
-2149670192640850872 9
3845314759864121377 13
3273813027729671028 9
7827364710149999250 11
7987268168731205805 7
-8100278724664672978 9
8794140044971110191 7
-2644752117227183514 9
-4208824801142860581 13
2605181362766643935 8
6616062780338974565 11
5330936637638953654 10
8467808109626847257 7
-3598911369599370167 9
6570654313675554658 8
-4968093830291962154 8
5040395066849642975 10
5279218984052521092 13
-5035273853414011649 5
1133713365595241239 8
-8457964711973812993 7
526302400984218343 11
-6434926032555572099 8
5277234623724206372 10
2852434926535606116 7
4586428651637670961 9
2412512532221211276 11
-6700375671092565602 7
-4290771269939560607 12
-864197584477058555 11
5809304131470766295 8
8745440109078366114 6
8932757937723538145 10
7458726943528153375 8
-5461954877791244959 9
1548047648484982952 9
-3336892310104580490 11
-3084544800771222515 8
7823393097829809095 6
2239142492294575667 7
7083743189568805196 10
-1615079033555429200 8
2551074752364638734 6
3113349294307636947 9
-5502122462125669650 6
3877092961326309513 10
-7570045111317802214 7
-1712550532319988089 9
-979669945377420695 7
159229150781787601 9
-5346453916408916471 10
-181110700388707270 11
8236826173408358118 8
-86347191193774275 10
-5173100704397355858 15
4181680508685064652 5
6471698701301354953 8
3744697533792347715 8
5914561412854142186 9
5532687080470602327 7
-1700459736337601575 12
-7838379889853516442 12
2569633768142022911 9
-8788921465403956132 11
-4293598666349589124 7
-798744408310332036 7
6869825113798861862 9
-1268341805954164199 5
-1578126489367112420 5
-4217402099724122283 6
4991612475169964363 5
1907026265309064490 9
-5257675265513767540 9
-84015987340127719 6
-6688930053137505823 7
2686008819267732358 9
8372525196382582794 8
7407677507958254892 8
-3768746488924521078 8
-2280880260547395101 10
-8476248002351696728 8
1388879855914020597 9
-7597617419979716781 10
5360829718769212647 15
-3670271324167703750 7
-8005487480869219404 8
908937432076967796 10
2557967266279845710 12
9005871449913414772 2
-973052167183034583 11
5564656703681057617 11
-7081352382497068643 9
5766833489798301323 6
1223344976998465192 11
-2232731274803156581 8
3557604667378990587 8
3423744287493704518 4
8401625073923952383 9
-2650969352873280114 12
1017682950598964078 13
-5765097809194439138 13
3395052281337927283 9
-400731729848223057 3
7630762366247802336 6
2220157302464826639 7
-102204759280255209 10
-1655620518884315763 10
-8963901390776974912 2
-3679890618360237508 14
-4767411224883021893 12
8348684137020471634 8
-7115190724992925220 14
7872249423598977148 9
6051417028325851611 12
5302428883778495369 10
-6143656895225628525 13
-7043669689641139003 10
2034587824485815468 12
-3797780887486078149 8
1513979438206059080 9
3972588437473184224 9
6123918750130777406 11
2330850000856726180 5
75480742962644834 12
-2162987306369023526 13
-4261257927697174664 9
8444647377286786868 6
2700080203557254998 6
9107290633643324143 7
-5178211846985139249 10
6971338330377929810 11
-4629629112929303158 6
8029236209901324519 13
-7813289853230530959 6
-1534778133884717638 10
-833187124521794809 8
2858295764508012882 8
4384782741069432421 10
-6427773870147926371 10
-2291282974922783474 13
1601093204124414843 7
-2002198781244713860 5
8795422379040162947 7
7492795463045116927 12
-8245745440266816630 10
-5564935479517461577 9
-977176346888133334 7
6398892569820396280 7
-1371833723070138917 7
13390919247311607 9
-4154709462704609846 11
-4867345337945520380 6
-9036473887139546530 6
2740280578176098149 9
744976531769255070 5
-4087982051868004251 9
3433704494114460689 10
-2529523571961393671 9
1155817566197269325 14
1531288960562640982 7
-7451560307401614354 11
7159479729144782598 11
6863219204222333198 6
148034315878325023 11
-4240829324006281830 8
3719799014562896182 12
-6325760315398596153 7
862909405517796447 11
5548967415240660940 6
-2408197531229570941 5
1959652740237446940 9
-9144185930333901556 14
5225977297782374814 12
5650433811495463391 10
-4929045704875233656 7
-7077172394306117897 8
7796111722730572228 13
5799683018129738963 9
-2583872783012358187 10
4153507852567651839 9
3661455804711414233 9
-2201538874424402191 9
2206369705944292305 8
6896367985983936546 10
5794952550215668306 10
-8254338030199129468 10
5672140203845346543 8
2630809480292998685 13
7962772877569498827 15
7476158618942166705 11
497236734669975256 12
-6683679456400128476 8
-5630634070410836906 9
2916428483305233752 10
-7532743147760815763 7
-678571495921073212 8
7229913414942737590 8
-4411037782422278974 10
-3975903856554456619 7
9037095337264271541 12
6534482987814189326 9
-5390874916230239731 11
4289647219041070909 10
-3167737698147708316 10
8493500330431240918 7
-1655832774566433572 6
5210019377115382037 8
3348860223083635213 9
3505271053291443376 13
3577044158896781946 7
4921436719353698559 8
5069319892961671307 4
4766347845856769934 6
9026679415514779357 4
-5740096296489772506 10
-6068212959585847216 8
-6177720125583327413 10
4598253281782269799 12
-8453697498259110833 6
3795900883527477132 10
-6888445637208979102 9
-1014380963780447397 7
3382562291130859615 9
6542610005710579721 9
-118055214167552718 8
4857699295911905121 13
7400519443676627855 8
-5578960757257858990 8
-2590539758091362792 8
-2531843181259568796 8
-4408955856654128987 12
-4179349476850177106 13
-7381757931157779170 9
-8442199990973224061 12
6571505733088744289 10
487784614352974831 9
-2219170262403925551 6
-3468187486272466550 6
4280897920113960770 10
-3386084553352878281 10
6997321432565783902 9
7942711173046672553 8
5461289119436516390 9
-5246923952962579295 6
6253896286371795398 13
6995995339942167541 10
-4552348302358751664 5
5879058172470856693 10
1166997963999482453 10
-5099397601246237377 6
-2289809955328922284 9
-2893458847914017436 12
9063286296204996622 12
5338828115970824542 9
4925573228853741182 13
-1750885117288847249 11
6523346496366112963 7
931994555343395533 12
772688075150283132 6
5477197985611995038 10
3845345594943886565 10
-6630622976620095872 9
-102872657955629117 7
-1944705708476050157 16
5123018737235454447 6
904465915027607769 14
-4417686085951167259 7
446173541594350253 10
-6344116536010107128 5
-4231307053925679917 8
8792061342550557444 12
8085944643163640031 11
-5670352686650798100 8
-5345956920739740265 11
8176408366428381232 6
-4594656214349921222 5
8981606609373437214 12
2089516022140397885 8
-7006941495892515745 14
4893795333851440261 11
4671866891639391961 13
-4861981324523125700 4
-1233731801546186978 7
-8710224241958245364 9
-1089044195136131331 10
5773175398268476826 5
-7130234357566486175 9
2417507233648333374 12
445154676460701002 10
4562152845720904835 8
4589753056518999411 14
8637007322943005572 8
5480933617829967372 5
7566157000972145977 10
587243934225608016 9
-8028254918694740323 9
8739899082984410848 9
1655913910193462253 7
-3646877140824048109 10
-7871131622534734448 8
1017719162165390234 7
-628294360667476345 14
4171507256585619138 6
4579359536021350835 8
3612523351047987363 12
2413422923528239571 4
113726818344092375 10
-3047696188205739766 8
-6124030529883473053 11
-2984364086511144127 8
1983634846927693754 8
-96441958569259962 9
8532606949701009446 9
-7429772269818105726 7
7118946673765178443 8
-3190983614321762102 7
-5596793897073487261 10
-1330380331566889705 6
-8339418822602216090 9
8352652062909815667 13
8689534465723825048 9
-1991048128015945596 6
-2892671764268918513 6
-4767372672844239025 8
7445457079787995449 5
2018163505910802429 9
2233678100813535121 11
9018415989749637012 10
7340062396797735641 13
4530322035448771233 9
3297639351151578223 8
-7476232016104201856 6
6864559968979627857 11
-8726949936370526403 10
6148012845552323395 9
-5767663852471383923 7
7802001878023904564 12
-5965343598047112380 10
835919238281360261 10
1417066952642726096 14
-1402140021105185916 12
-1949193769934308232 10
6943038811402454155 5
1223855835665210674 13
-977525681304443326 14
2784050294189491992 10
8584860503463588739 11
-7948046193541971300 8
1943587105905655710 8
6271482364535051016 8
-6779919950133260486 11
-4669017403654817401 9
-4691379095677297450 8
-6524204875539145210 11
5636042033429382923 10
-2049962714003513963 8
-3350630218682119922 9
-2065398372649124862 12
6972742085076676278 8
5265069724699465877 13
83122177267162143 7
-8766972697401221207 9
4735875695044688139 8
-8438076718956368142 14
-7766072466729068465 12
-3738653921858228895 11
-3260305129207473188 7
-8999329743536957592 9
3867198165924354195 12
-2099637291753970438 10
-365018081857331281 8
-7396736331460754721 7
-1154121175232699493 9
949580496067172355 9
3151903296520764831 11
-7591873688998076192 9
-6618926961503819927 9
-5801706388856023130 9
7524149859482480205 8
1261753220035958050 9
-8472023021487523362 14
-3822666550743016246 5
-6120319518034104733 6
5377429150200363111 11
6087956852567789274 7
5948662847046730250 9
-2897933156198331377 11
323256593337196126 11
-1292685967934346500 8
-8873299532050041749 12
-1988860428982946791 7
7467407583803177600 11
-6728824225614022774 10
2665671536042704962 6
4640005391900726075 8
6769204977354714566 7
-366542157604920636 7
-1414549025700976143 7
5179786761188624555 11
-2846828250172127227 8
-4589820894940335280 6
6825714313138112026 10
2546576654371329267 12
-880202852901872933 6
-6630674463561568736 9
-5050685660767499443 9
4110581665784967968 5
-857484989619542053 11
-7023848277868426346 5
-6502434837574125508 12
-4830133637485890730 7
8870870883706443252 10
1785208426626969898 12
2899086822495842455 12
-3864963345853347370 12
-2776204404685899718 11
6600451979031677928 5
5766468910304692408 9
-7563306165150270471 12
-5759176175507479739 7
8340270035950315547 6
-1337420657638866225 7
8576084463483001518 8
-3680396417478460697 10
-3301093277030953894 14
-3961985657565777157 11
-6014568380618980884 9
-4167437750062516264 11
7112664606652288266 12
7750808113296747846 7
-4111922168862655008 9
-9002372294889040604 5
2433760960298028083 9
2332241003079152680 11
-8780793914655135549 8
7531319084246466411 8
-4774502831317860109 7
6413771456630437715 11
-4912193947067380533 9
1106129446156189619 11
6076609568161056535 11
7439448833280397216 14
5864405740427999224 3
5746098488362942789 7
3935300605052734094 11
2021918817507367386 10
-387838089608353595 9
-2804912165882300457 13
8855297185412315561 11
8921845485431633771 12
4331365674008721978 14
-4323672380614078741 9
-4172704778442340617 12
-2512013318900402090 11
7115624539843249058 11
-4859231022078608538 10
2966207780493818516 9
584667911154993182 8
4475750833798299058 8
8544165209969624999 12
7516027497286021402 10
-6540106424191995495 11
6165519665935415954 8
-2034342642634886646 14
4365043239754804818 8
-8838957537672606117 12
-1224576555116526881 6
-2712567879683917261 12
-2942233841874703896 2
-4154863490814497799 4
-7159797497582945888 15
-8168322346762120914 14
858189358415955183 11
-1334836180317620752 10
4266762879693434408 8
-2820421939787515901 12
6218851491551277374 10
-7353701791218724031 6
6811638812728931018 9
8598114504518255849 10
3316153226234952786 4
-5145899787581369495 7
-8062289818628881994 11
6945365087555158038 6
-420859184501137327 10
-1948795164148771092 6
2078588821820571664 7
4699838658346832117 13
7915473348024756957 11
2656546143211217400 6
1538866861693184448 11
1252893673989925595 8
-7039603310199571544 13
-3275330221491861509 8
1374026179355129359 8
994510831540240562 10
-7637449011048629052 8
-6448578087398886204 8
3630331954391324654 10
8771726613331533107 9
3223790628962705747 8
2319120913975667858 7
3058120244508692513 8
719533981694021427 12
-214137486929105848 14
2260947052649125129 12
7644173621839997564 7
6671353965778857108 8
4549687178611926818 10
4776589429623282217 10
6254062898562830375 9
5690654297840315250 11
1554290132553295793 3
3678950199449404936 10
576755491494570209 8
814379062402961676 7
4630938858254969992 11
1784928300270032243 14
-8589042879168040679 7
-5358065760670470534 8
6922032924773636268 8
-4933328185502335662 11
9136875209427545617 10
2299825503588243064 9
-7863610884030671756 11
87306510105993413 7
-2004701469005593110 11
6649648404815585700 8
6353983209966242993 6
-6009022146598520199 12
5111956946536446476 8
2733283628191783819 12
3687533293172159612 7
-2203826031255742737 10
-126489806819286905 11
-2859727158675936791 15
-6945416629138594632 9
-470637211672754997 10
-4433591155041981918 10
-4643288122599012520 13
-6360176750811808755 9
-4267191372017205522 7
-1628738804518045842 11
6042403834671213305 9
-1292856534284045373 6
-7014221513330185606 12
-8414315220221292243 10
-1188666620301957775 9
-2664343398399378421 10
-7645164717882955888 12
-7875497302316387387 5
850376755934895317 9
662959635246394553 11
-2516615264801243292 9
-8384464431768471122 9
7704262225568801980 10
4651953950271573527 9
-2294237841804378482 7
330732025205049646 5
2545361665447586505 11
5353921350743822256 4
-640035342189299288 10
5969217811159478433 8
3409889966153405601 6
7290600371223895545 7
5228398553552016505 13
-162432933125395397 12
6422669284908259049 9
-4973654347167061908 10
-8378007690279440875 9
515317198061892843 12
1634909656178591690 6
-2962203525319321300 8
-340504220737384276 12
4196779883518336512 8
-9096900665677845187 12
-8738308852131138700 4
8934858760593593991 5
-8703630323864947601 12
-5570139099196448536 7
5784893878628369497 9
-3690722051918143125 5
-6985897596772396087 12
-6231862926141451642 7
-2439643434443704181 4
8230746959981994991 7
-1608026139671809395 6
6989011230063319969 8
2757959539390405955 8
80673893433338120 7
-9018117256764495983 13
-5223227941567635587 7
-5622191513249652163 11
-3756634932397817613 6
1867459400164264479 12
-2512529944166722367 8
-3015588921125991284 13
7395511014508023893 6
-5691286589545950261 7
-8612579006063349246 11
8632753452200632158 8
-5775639118203853450 11
3763316880142585395 6
-577530583396970408 12
-1648175436799957275 12
499877901491387199 13
1894520451454375507 6
3086133179195527298 9
4811308511776051350 6
617195103465353441 9
7991913157434413076 9
2263898059621931937 5
5650038770480837490 4
4355296924451423927 9
-9121778016989127736 9
-2897437206064928132 9
6228021972210126980 10
-2875068235336497546 9
6447173132230406585 9
-4892644575598567541 6
-5691733308358974020 12
4709746512292297336 9
-5774083780152028415 10
-6998036013711227419 12
2486443246534712998 15
2933312372611779965 10
-8809992519565216857 10
-4376142565516300236 13
4015425548026791629 7
2982820635096051824 9
6057197691385810299 13
-7886689897436235944 6
2484652833309667928 12
-7847692543532495037 12
-1535239076116548244 8
-3137717373629434677 11
-4211320432558369597 10
8803851948094612200 7
-7409359150622184749 7
4482313964974745041 7
3616997873495792670 11
8415652757596741517 8
2546314724346247901 10
-3231252057109185667 11
-815102016780742943 8
8446263400864741471 12
-5752617775483759022 9
2978372111526100442 9
4002009524503432039 11
-5795556141369443461 12
-3512076333277001221 9
-4996106543916222076 13
7237925942031602483 6
8264222206331993284 11
3127933611590354641 12
-6377538435656888868 8
-7916196283612039888 4
4829401012681013784 11
-3238726445094707598 10
-2196031021833712049 13
-2263174038431398836 10
4004008991199186688 9
7811628629723413720 5
6281545226293235570 10
8384537183598708621 9
3858194301095637113 10
1771342908750480539 9
4235397861075861316 9
3648922694473008158 6
1284871578044730593 13
4870823417944554559 11
-923746233137076144 11
-7192862093341653942 7
4644904068983622095 10
1212101494685957342 6
2032987272504077517 8
5223667206376145040 12
-8772371359856397140 7
-6098899730988416946 10
-2656688860080925402 9
106584544030215093 11
-6130223372254856224 13
-1719277338362223801 5
-4233951112269572187 8
-4906365435594812955 12
3802292212151009430 13
-8269372393512535978 7
-882905244935779046 11
-7191436717309406223 9
-378116828437415257 4
1076948860787971203 7
-6790890301475411287 3
-5711680314950653768 3
3589238722643009703 10
241477115061098542 8
-6546724720849686767 12
-7613641350220864828 7
-2065682931412281253 10
1636229013423774377 9
-4301233955362364987 9
4414268342666771165 9
6714796927803085908 10
8477227446545057419 10
-2409635354596267755 9
4423113600548028222 11
843951436588095117 6
-8062028163414577256 9
8956446331747112060 3
1623574154611868503 7
-5589238949492957722 3
-8557698532583927756 9
7652281167021065041 8
-4265692450166653790 7
5081170921333066641 9
-7403179960685702327 5
-5413056628091381047 7
-5805163686967311281 9
6525680319701157565 10
-2910471278875629088 5
-2385765211526013347 12
7326431311755095476 8
7718416315654587540 9
3317866890910841527 9
-4249673235682014176 8
-2416897238517826793 10
8503455802465344251 6
-771597713390891196 10
-1870059109455146763 11
5958591478628596401 10
3797494971413042278 12
-7448097942364915215 9
-8838501556127609203 10
9111621475332804149 7
1976047474565010724 3
-2583027507678743668 12
-1894935624425247743 11
-1734869188008069882 9
6372338304448278662 11
-7139236839466242182 9
8047930707024164498 12
2804920311550854602 7
-6683091072983631834 11
-5016453030288603254 7
-7253394024049625856 10
519851181158663552 11
5641423622619808053 6
7157417583162389975 11
1433715019585931778 5
-8141379376367787489 5
-6766061214357317891 8
9010288400841360664 7
2731439308069965079 9
-1466381194583198637 12
7626269280772101595 7
-8611416880990929834 9
6063472744275456467 12
-7068597019035452417 4
1541888116371528636 10
1096937482479156335 9
3593119339283579189 9
-3781001049267170973 6
-1669385116951754876 9
-490940901305538676 12
6798978423539931297 10
-4623054799655312353 9
6131031523390725446 11
7615385447170738631 9
8607499728038018938 11
6516118077195488152 8
1435948242011774677 8
-7274487556042382674 6
-9041803010393096122 7
5346647982595917092 11
8502045177903299436 7
2010910034599074499 12
-7979656315382051636 5
306897694747526887 12
-7180528068794583301 9
3439632747769810504 5
-5464449936633028822 10
-3674508759832248247 10
-1751459183740411224 7
7445142048885004997 11
8716740070612567777 13
3382842365948322822 7
-1483553395121367079 11
9197699654802327895 11
-3252960805555119631 11
-7772255696845399454 8
4150428817132536060 12
-111732191150053318 14
7004583144844917938 6
-6306906490909422883 6
-8117055247674056506 11
1714050773126717975 6
-7966604326645038048 8
3467385579697004305 9
-6133584475517485977 8
-8653927964194464537 9
5789955375059013921 10
-2926529320425574856 6
-6421885744069696115 8
7073993713319213907 10
5554689349268321881 7
-2099733394407709413 12
-6923825424159575121 8
-6061828536042938317 5
1521820889874178743 7
-2585648719773490494 8
-5115172244154467885 4
4151731950167363816 9
7254077344456616685 9
4498139457888076511 11
-3322928429670334586 13
8934449437004706540 13
5165713269158770683 11
3291906336284221896 10
-5117938487474409968 11
-1275037893841032998 9
7028962278311143199 6
5842706271396078030 9
-4304549311156376042 10
5221925994712343306 10
3272735749406281448 4
2961037978046415341 6
6122985242868011780 14
-1988231577492500835 9
3274699347861105912 8
5316863667918297252 13
6527676235591830553 7
3724092502274628165 10
5667163741672240343 5
2228219456811445429 7
-8955426914412060628 11
3696984066808079669 11
4878326625501289356 10
8073958542152969625 11
-51712864728978187 9
1236900070310319600 10
-4540859669883728333 8
-7986573242687659152 10
2857793110552596303 9
-432342636742026127 10
5942853233216848570 7
-7287121452557744840 9
-2189683262326033876 4
-540211619824036019 8
2035083544132643505 7
-6709497097813520091 11
1520868246872427261 8
-5655326886776524753 11
-1118575202144706727 9
3329052821306867242 8
-4339992865526699700 10
1447678735511834789 5
4135642943847747161 5
4158329346505972005 9
-2260393585271740819 11
2840057574104149912 11
-9004320271551331150 11
-8725909959035434023 7
2848835028890882280 8
-6472441672668190192 11
8029514085695368382 11
5034606991775092319 8
842113424100134300 5
-4125886062579656345 9
-4031833596293959609 8
-2695684006485431786 12
900355335751168156 10
-8314400886843471631 6
-459787555709521298 9
-3093117568292213208 7
-268929261431355634 5
-6530399107212973190 8
-3764905986788694736 8
2296902284422772461 8
89104044114427984 10
-3090333416784702579 10
-7520387387157225291 11
-5542511244178347793 14
-6638304994381578314 7
-8195871381554137546 11
3303479444348850208 11
-5564378984102629600 12
-6044981780638246499 6
6389940709424033621 12
-1070255411087802980 10
-4616231830182059902 10
-5357421686741348640 7
-7442056651424007678 6
8356269359304546882 10
-1592717050451672475 12
3823311218195323345 15
6014394895039723812 3
5951217891298726812 9
9166113343886105116 11
-4605899694754216372 12
3017032590007740970 11
6023554478358642006 13
5569621440870157291 7
-8720838467731392060 8
8009345007937415609 8
8479250915539709362 8
7741945160691800847 4
-6933676199591187001 10
-8735179303651418876 14
2490975833099448269 10
-4594191367229727081 9
